[133, 41, 0.35205220790094127, 0.05655603745771369, 0.58906028699197077]
0.946315787733
[155, 95, 0.31181022833507666, 0.023648808986197693, 0.67193764275566403]
0.88105263561
[177, 31, 0.38117670890564631, 0.066904286903488278, 0.23081747011558629]
0.833333343267
[133, 122, 0.054600299905306349, 0.036546588893789034, 0.16797457947242761]
0.788421064615
[160, 48, 0.23204031269014244, 0.03978010658352512, 0.12452475482056846]
0.789824560285
[130, 46, 0.19950706385083428, 0.012458491609181159, 0.40933415386035227]
0.792982459068
[194, 178, 0.31000520017679617, 0.081891730271579893, 0.67284445543338967]
0.811578944325
[83, 71, 0.35252222947535278, 0.082531762306088718, 0.32036723408313922]
0.803157895803
`[195, 151, 0.42935501077668708, 0.0014047200701324536, 0.10105962876322815]
0.982456142083
[189, 112, 0.13315000934874949, 0.086802047025624038, 0.30145813793182857]
0.773333355784
[113, 20, 0.081121870913695424, 0.10000000000000001, 0.041312289339161146]
0.835789471865
[50, 20, 0.43333655258744685, 0.089985169154218697, 0.065035755783013335]
0.966666664928
[50, 200, 0.096117674764206101, 0.10000000000000001, 0.5247079454582928]
0.747017562389
[200, 22, 0.076663452007460886, 0.10000000000000001, 0.61339796799264978]
0.88771931082
[200, 20, 0.5, 0.001, 0.17008648190283318]
0.881754383445
[50, 200, 0.001, 0.001, 0.69999999999999996]
0.98070175387
[50, 200, 0.18808780361138525, 0.097649643911097692, 0.078532489416869578]
0.808771923184
[200, 20, 0.22782530102125093, 0.062718279554604628, 0.077345201685764101]
0.795789480209
[178, 20, 0.37224423534649254, 0.085216621609105286, 0.52316087931932753]
0.93368421495
[50, 200, 0.13693578208348475, 0.10000000000000001, 0.45394585466605758]
0.794385954738
[200, 20, 0.17083024400651742, 0.001, 0.0]
0.831578940153
[50, 20, 0.16392426363529869, 0.001, 0.69999999999999996]
0.980000000447
[50, 128, 0.035694827189120634, 0.10000000000000001, 0.47834031369067481]
0.771228075027
[50, 20, 0.001, 0.001, 0.31314650082508039]
0.982456142083
[50, 20, 0.001, 0.085243000141238701, 0.086076111326934698]
0.982456142083
[50, 20, 0.11175686902309012, 0.063088862300443027, 0.44559285758504369]
0.871228069067
[50, 20, 0.091183626568193718, 0.061795178332747856, 0.61518702021524996]
0.927719295025
[50, 20, 0.12580145484312133, 0.048537110147323953, 0.1891769028677413]
0.808771923184
[50, 115, 0.2041842296911664, 0.09047258676439858, 0.32771195970113581]
0.787719294429
[50, 20, 0.2829237290039876, 0.10000000000000001, 0.3686932355492008]
0.975789474323
[50, 20, 0.49851439112743595, 0.099045025269433554, 0.55729547630997434]
0.982456142083
[50, 20, 0.43295095581760429, 0.097193778432506442, 0.50518398372841111]
0.982456142083
[50, 200, 0.078662156507095127, 0.10000000000000001, 0.29203178793306545]
0.736140400171
[50, 200, 0.091491124040551694, 0.099183647314165777, 0.35049369481944459]
0.749824553728
[50, 20, 0.001, 0.098632455449939246, 0.66791178798981565]
0.982456142083
[50, 200, 0.06727407627036415, 0.10000000000000001, 0.34523121796915707]
0.761754393578
[50, 20, 0.35367268551260078, 0.071108897628931717, 0.0]
0.969473684207
[50, 200, 0.083606651178910391, 0.074831415523274561, 0.0]
0.785964921117
[50, 200, 0.049899421076871703, 0.01407765866191139, 0.0]
0.789122790098
[200, 200, 0.20824486396091427, 0.040925693458633831, 0.066399873960418007]
0.773684218526
[50, 200, 0.2233544533633019, 0.09151160869440908, 0.69999999999999996]
0.982456142083
[50, 200, 0.1769724745122456, 0.001, 0.27403594059856268]
0.771929830313
[50, 200, 0.075829899969203557, 0.070975435744563095, 0.18223203828430215]
0.762456133962
[50, 20, 0.17117075068036622, 0.032307477771499948, 0.27728224914355543]
0.837543874979
[50, 200, 0.1184111759337928, 0.051700856797540724, 0.29257367401389894]
0.744912266731
[50, 200, 0.059110344299178191, 0.036046051118439774, 0.47508678841844054]
0.769122809172
[50, 200, 0.10455199235403614, 0.10000000000000001, 0.33473653015694993]
0.762456148863
[50, 200, 0.13874321248271226, 0.088822068327213857, 0.23753601601372298]
0.768070176244
[50, 20, 0.057774817563823917, 0.090868605625659862, 0.36564429165053552]
0.838245615363
[50, 200, 0.064268368735927658, 0.10000000000000001, 0.4918319203547814]
0.778596490622
[50, 200, 0.2507225635728762, 0.015670341176559938, 0.0]
0.982456142083
[50, 200, 0.12405203039757833, 0.041929514499487328, 0.0]
0.768421083689
[50, 20, 0.20656783388583769, 0.019752627643893666, 0.097720192686520005]
0.848771929741
[50, 200, 0.10959622762874709, 0.025402989502101386, 0.17119288705572119]
0.786315798759
[119, 200, 0.095089234104055814, 0.097098026282122898, 0.27372881253936671]
0.761403515935
[200, 200, 0.24092456404933413, 0.08426014036984264, 0.17673795924049013]
0.757894724607
[200, 200, 0.10271385998294844, 0.015415400959558269, 0.29831008064779657]
0.753333330154
[200, 200, 0.27008347527857246, 0.078140442576505015, 0.15755173025665598]
0.773333340883
[200, 200, 0.41500185899525738, 0.0099801448333079676, 0.31522630527463519]
0.763157889247
[50, 20, 0.5, 0.063821823711326595, 0.32023219579526135]
0.982456142083
[200, 200, 0.16985115331359471, 0.093863458923355014, 0.35334038034688725]
0.779298260808
[200, 200, 0.001, 0.075549715703746176, 0.50019419604314252]
0.981754386798
[200, 200, 0.38016358172575154, 0.042102303553988391, 0.30933810466250883]
0.745614051819
[50, 200, 0.38497472304744573, 0.0025237560817276405, 0.32703324255559779]
0.949122808874
[200, 76, 0.38359207780383753, 0.094106924603561598, 0.28327809904860296]
0.802105262876
[200, 200, 0.22025298389671397, 0.0092516891591978082, 0.31860443796779864]
0.728421062231
[200, 20, 0.25013027024190898, 0.09356512943504354, 0.50804237323657453]
0.874736830592
[200, 200, 0.089195122026374182, 0.061804129670687366, 0.0]
0.765263170004
[148, 200, 0.12271911497149733, 0.07803997679367955, 0.215234904049002]
0.745263159275
[139, 200, 0.12254145322429859, 0.098785377432880794, 0.22696945557102452]
0.782105252147
[200, 200, 0.21085361804110586, 0.033985250004092617, 0.26522089087811662]
0.742105305195
[147, 200, 0.12291839674325959, 0.0016873921613712183, 0.21229190233517362]
0.755087733269
[145, 200, 0.12302070604739646, 0.044654192065032745, 0.21489769669606651]
0.780701756477
[149, 200, 0.12333619380244765, 0.034081881161842388, 0.20876209312057342]
0.745614022017
[158, 200, 0.12951891362888385, 0.030303029991527366, 0.14010278844639332]
0.744210541248
[145, 200, 0.12601947991155252, 0.021856791999956843, 0.18696402142705551]
0.782807022333
[148, 200, 0.1253858906398162, 0.004184702826193527, 0.18765338641130203]
0.781754374504
[151, 200, 0.12527219469117126, 0.087878183262248555, 0.18701053987723376]
0.772631570697
[152, 200, 0.12541571673060686, 0.077367757491262346, 0.18609390323611141]
0.753333330154
[151, 200, 0.12568632322225945, 0.056862126937682632, 0.18473850237236611]
0.751228064299
[150, 200, 0.12603456715043143, 0.094368483926747848, 0.18297543958421564]
0.759298235178
[150, 200, 0.12628051717260039, 0.085321892762293863, 0.1815984009444449]
0.772280693054
[161, 200, 0.1311021977771879, 0.030073343363693193, 0.11060355063982226]
0.773684218526
[151, 200, 0.12474106298165126, 0.067374251812805888, 0.19779097909852619]
0.757894724607
[151, 200, 0.12490065371370719, 0.087706154949114504, 0.19803737506252]
0.763157889247
[151, 200, 0.12511355397929205, 0.006064334203394541, 0.1968018268179858]
0.769824579358
[152, 200, 0.12535504681299967, 0.023759144253136365, 0.19366865131967617]
0.761403515935
[153, 200, 0.12551882741566994, 0.037437006315072394, 0.19236736885999897]
0.775087743998
[154, 200, 0.12574729206563209, 0.068667179120602717, 0.18893748254577722]
0.769824549556
[155, 200, 0.1259284329073686, 0.018919800814647898, 0.18661944939683361]
0.753333330154
[159, 200, 0.12329290393967766, 0.055682321965529975, 0.16491459791992602]
0.767719298601
[156, 200, 0.12629310314966213, 0.085344793434588229, 0.18394723764200241]
0.757543846965
[157, 200, 0.126484964315219, 0.093769593840916793, 0.18251754978888921]
0.761754363775
[157, 200, 0.12662530349209644, 0.039624820334303798, 0.18115353463899245]
0.779649108648
[165, 200, 0.13106207175212614, 0.051938366109416538, 0.17301617852371773]
0.787368416786

