[171, 66, 0.36854001514997553, 0.045694908698629799, 0.07254516406980735]
0.417894721031
[162, 52, 0.1217337504700058, 0.076810741058767951, 0.47699276283275077]
0.38842099905
[101, 147, 0.25953077131202168, 0.012382961519460521, 0.087283799555934891]
0.387017548084
[149, 168, 0.46084839561294527, 0.068860183705908379, 0.50174541278965745]
0.373333334923
[148, 152, 0.13131402223922917, 0.051734324943927663, 0.22377753434594169]
0.40245616436
[133, 197, 0.37344442027862657, 0.027547724682172422, 0.56853893306487613]
0.362807035446
[88, 131, 0.011406840997804989, 0.037043215690841055, 0.54078997970394638]
0.39298248291
[189, 106, 0.021820402662204825, 0.027925786425230574, 0.4146218588262931]
0.402807056904
[81, 153, 0.23715692737234356, 0.035333666444842322, 0.38554386718297351]
0.398596465588
[77, 179, 0.3103083792971455, 0.082738853275825641, 0.657639954480431]
0.368421018124
[200, 20, 0.33729966253282995, 0.032150743207566716, 0.69753544452692984]
0.388771891594
[50, 200, 0.5, 0.001, 0.69999999999999996]
0.666666686535
[50, 20, 0.5, 0.001, 0.69999999999999996]
0.666666686535
[50, 20, 0.5, 0.019742843610300567, 0.57607075877836589]
0.666666686535
[50, 20, 0.42851401561142993, 0.065568081815467527, 0.69999999999999996]
0.666666686535
[50, 20, 0.44408390162644201, 0.078171350171804765, 0.4822321867823034]
0.652280718088
[50, 20, 0.38292321353945691, 0.015890281924740172, 0.62600341104527735]
0.664561420679
[50, 20, 0.31482460375686044, 0.085924601856105245, 0.57300006460661868]
0.464210510254
[50, 20, 0.306118192030498, 0.086476920541806168, 0.66863988015066589]
0.665614068508
[50, 20, 0.041038413998198145, 0.071076125615019067, 0.18419958577794734]
0.399999976158
[50, 20, 0.082426844647010736, 0.098539567819987864, 0.010309292250443722]
0.43543857336
[50, 20, 0.016418915982523687, 0.018349977181635429, 0.1174029339246727]
0.410175442696
